 I =           1  J =           1   ALPHA(I,J) =        1.000000000000000
 I =           1  J =           2   ALPHA(I,J) =        1.680000000000000
 
 I =           2  J =           1   ALPHA(I,J) =   5.952380952380952E-001
 I =           2  J =           2   ALPHA(I,J) =        1.000000000000000
 
