 I =           1  J =           1   ALPHA(I,J) =        1.000000000000000
 I =           1  J =           2   ALPHA(I,J) =        8.940000000000000
 
 I =           2  J =           1   ALPHA(I,J) =   1.118568232662192E-001
 I =           2  J =           2   ALPHA(I,J) =        1.000000000000000
 
